{
 "cells": [
  {
   "cell_type": "code",
   "execution_count": 99,
   "id": "fc6ee3d9",
   "metadata": {
    "scrolled": true
   },
   "outputs": [
    {
     "data": {
      "text/html": [
       "<div>\n",
       "<style scoped>\n",
       "    .dataframe tbody tr th:only-of-type {\n",
       "        vertical-align: middle;\n",
       "    }\n",
       "\n",
       "    .dataframe tbody tr th {\n",
       "        vertical-align: top;\n",
       "    }\n",
       "\n",
       "    .dataframe thead th {\n",
       "        text-align: right;\n",
       "    }\n",
       "</style>\n",
       "<table border=\"1\" class=\"dataframe\">\n",
       "  <thead>\n",
       "    <tr style=\"text-align: right;\">\n",
       "      <th></th>\n",
       "      <th>상품명</th>\n",
       "      <th>카테고리</th>\n",
       "      <th>브랜드</th>\n",
       "      <th>성별</th>\n",
       "      <th>평점</th>\n",
       "      <th>리뷰수</th>\n",
       "      <th>태그</th>\n",
       "      <th>좋아요 수</th>\n",
       "      <th>조회수</th>\n",
       "      <th>구매수</th>\n",
       "      <th>인기 나이</th>\n",
       "      <th>인기 성별</th>\n",
       "      <th>가격</th>\n",
       "      <th>리뷰</th>\n",
       "    </tr>\n",
       "  </thead>\n",
       "  <tbody>\n",
       "    <tr>\n",
       "      <th>0</th>\n",
       "      <td>에센셜 텐셀 린넨 셔츠 - 9 COLOR</td>\n",
       "      <td>셔츠 블라우스</td>\n",
       "      <td>SUARE</td>\n",
       "      <td>남</td>\n",
       "      <td>4.8</td>\n",
       "      <td>2196</td>\n",
       "      <td>린넨 셔츠 린넨셔츠 긴팔셔츠 기본셔츠 베이직셔츠 오버핏셔츠 23S/S 셔츠컬렉션</td>\n",
       "      <td>22270</td>\n",
       "      <td>124000</td>\n",
       "      <td>18000</td>\n",
       "      <td>29</td>\n",
       "      <td>남</td>\n",
       "      <td>30198</td>\n",
       "      <td>소매가 넓은 편이라 팔을 접어도 고정이 쉽게 안되더라고요 제 전완근의 문제라 생각하...</td>\n",
       "    </tr>\n",
       "    <tr>\n",
       "      <th>1</th>\n",
       "      <td>2PACK SMALL ARCH TEE WHITE / BLACK</td>\n",
       "      <td>반소매 티셔츠</td>\n",
       "      <td>YALE</td>\n",
       "      <td>공용</td>\n",
       "      <td>4.8</td>\n",
       "      <td>14852</td>\n",
       "      <td>반팔티 여름반팔티 남자반팔티 반팔티셔츠 원마일웨어 패키지/셋업 레인 장마 액티브웨어</td>\n",
       "      <td>71139</td>\n",
       "      <td>181000</td>\n",
       "      <td>63000</td>\n",
       "      <td>24</td>\n",
       "      <td>남</td>\n",
       "      <td>26520</td>\n",
       "      <td>무난무난하게 입기 좋은 티고 아무 바지나 매칭해도 잘 어울려요 구겨짐이 좀 있지만 ...</td>\n",
       "    </tr>\n",
       "    <tr>\n",
       "      <th>2</th>\n",
       "      <td>pearl t-shirt</td>\n",
       "      <td>반소매 티셔츠</td>\n",
       "      <td>ODDPEARL</td>\n",
       "      <td>공용</td>\n",
       "      <td>4.9</td>\n",
       "      <td>2169</td>\n",
       "      <td>반팔 반팔티 반팔티셔츠 로고티셔츠 티셔츠 그래픽티셔츠 오버핏</td>\n",
       "      <td>21713</td>\n",
       "      <td>117000</td>\n",
       "      <td>16000</td>\n",
       "      <td>29</td>\n",
       "      <td>남</td>\n",
       "      <td>30511</td>\n",
       "      <td>여름에 편하게 입기 좋은 무난템입니다. 사이즈는 정사이즈로 넉넉하게 잘 맞아요. 탄...</td>\n",
       "    </tr>\n",
       "    <tr>\n",
       "      <th>3</th>\n",
       "      <td>컷 헤비 피그먼트 티셔츠-차콜- cut-heavy PIGMENT tshirts</td>\n",
       "      <td>반소매 티셔츠</td>\n",
       "      <td>SOVERMENT</td>\n",
       "      <td>남</td>\n",
       "      <td>4.9</td>\n",
       "      <td>7912</td>\n",
       "      <td>피그먼트 반팔 반팔티 티셔츠 오버핏 무지 깡스타일리스트PICK</td>\n",
       "      <td>39349</td>\n",
       "      <td>125000</td>\n",
       "      <td>34000</td>\n",
       "      <td>24</td>\n",
       "      <td>남</td>\n",
       "      <td>36600</td>\n",
       "      <td>재질이 탄탄한 편이라 핏 예쁘게 잡혀요 기장 매우 긴편이라 팔 접고 넣입이 이쁨 리...</td>\n",
       "    </tr>\n",
       "    <tr>\n",
       "      <th>4</th>\n",
       "      <td>케이블 라운드 하프 니트 - 6 COLOR</td>\n",
       "      <td>반소매 티셔츠</td>\n",
       "      <td>SUARE</td>\n",
       "      <td>남</td>\n",
       "      <td>4.9</td>\n",
       "      <td>2933</td>\n",
       "      <td>반팔 반팔니트 반팔티 티셔츠 여름니트 니트 니트컬렉션 23SUMMER 서머니트</td>\n",
       "      <td>15622</td>\n",
       "      <td>83000</td>\n",
       "      <td>16000</td>\n",
       "      <td>24</td>\n",
       "      <td>남</td>\n",
       "      <td>25093</td>\n",
       "      <td>워셔블이긴 한데 조심스럽게 인스트럭션대로 세탁해도 약간 줄어듭니다 꽈배기 패턴이 마...</td>\n",
       "    </tr>\n",
       "    <tr>\n",
       "      <th>...</th>\n",
       "      <td>...</td>\n",
       "      <td>...</td>\n",
       "      <td>...</td>\n",
       "      <td>...</td>\n",
       "      <td>...</td>\n",
       "      <td>...</td>\n",
       "      <td>...</td>\n",
       "      <td>...</td>\n",
       "      <td>...</td>\n",
       "      <td>...</td>\n",
       "      <td>...</td>\n",
       "      <td>...</td>\n",
       "      <td>...</td>\n",
       "      <td>...</td>\n",
       "    </tr>\n",
       "    <tr>\n",
       "      <th>919</th>\n",
       "      <td>쿨 썸머 에센셜 라운드 반팔 니트티 BLACK</td>\n",
       "      <td>니트 스웨터</td>\n",
       "      <td>KNITTED</td>\n",
       "      <td>공용</td>\n",
       "      <td>4.8</td>\n",
       "      <td>1014</td>\n",
       "      <td>반팔티 니트 반팔 여름니트 반팔니트 남자니트 니트컬렉션</td>\n",
       "      <td>3667</td>\n",
       "      <td>8300</td>\n",
       "      <td>1000</td>\n",
       "      <td>29</td>\n",
       "      <td>남</td>\n",
       "      <td>39200</td>\n",
       "      <td>처음 받았을때는 너무 하늘거려서 별로인가 싶었는데 몇번 입어보니 편한 일상복? 느낌...</td>\n",
       "    </tr>\n",
       "    <tr>\n",
       "      <th>920</th>\n",
       "      <td>Do Cats Feel Love Tee White</td>\n",
       "      <td>반소매 티셔츠</td>\n",
       "      <td>FASTLE</td>\n",
       "      <td>공용</td>\n",
       "      <td>4.7</td>\n",
       "      <td>292</td>\n",
       "      <td>반팔티 반팔 반팔티셔츠 티셔츠 아울렛</td>\n",
       "      <td>12764</td>\n",
       "      <td>7300</td>\n",
       "      <td>1000</td>\n",
       "      <td>21</td>\n",
       "      <td>여</td>\n",
       "      <td>25200</td>\n",
       "      <td>좋아요 평소에 편안하게 입기 좋은 것 같아요 손이 가는 스타일. S사이즈 주문해서 ...</td>\n",
       "    </tr>\n",
       "    <tr>\n",
       "      <th>921</th>\n",
       "      <td>컴프레션 긴팔 티셔츠</td>\n",
       "      <td>상의</td>\n",
       "      <td>MUSINSA STANDARD SPORTS</td>\n",
       "      <td>남</td>\n",
       "      <td>4.8</td>\n",
       "      <td>718</td>\n",
       "      <td>기능성 애슬레저 무신사스탠다드퍼포먼스 무신사스탠다드스포츠 퍼포먼스 스포츠웨어 PL...</td>\n",
       "      <td>1775</td>\n",
       "      <td>2700</td>\n",
       "      <td>1800</td>\n",
       "      <td>24</td>\n",
       "      <td>남</td>\n",
       "      <td>25090</td>\n",
       "      <td>사이즈 딱 맞네요 가게에서 입으려고 삿습니다 시원하고 좋아요 타이트해서 좋네요 사이...</td>\n",
       "    </tr>\n",
       "    <tr>\n",
       "      <th>922</th>\n",
       "      <td>디미트리 호놀룰루 반팔 셔츠 DIMITRI HONOLULU SHIRTS</td>\n",
       "      <td>셔츠 블라우스</td>\n",
       "      <td>DIMITRI BLACK</td>\n",
       "      <td>남</td>\n",
       "      <td>5.0</td>\n",
       "      <td>85</td>\n",
       "      <td>하와이안 하와이안셔츠 남자반팔셔츠 오픈카라셔츠 여름셋업 남자셔츠 셔츠컬렉션</td>\n",
       "      <td>1074</td>\n",
       "      <td>11000</td>\n",
       "      <td>350</td>\n",
       "      <td>31</td>\n",
       "      <td>남</td>\n",
       "      <td>42900</td>\n",
       "      <td>착용감좋고 가볍고 야들야들해서 여름에 자주입겠어요. 포장지가 다 찢겨져왔습니다ㅠㅠ ...</td>\n",
       "    </tr>\n",
       "    <tr>\n",
       "      <th>923</th>\n",
       "      <td>유니섹스 고스트 프린팅 자수 오버핏 반팔티 고스트 프린팅 자수 오버핏 반팔티</td>\n",
       "      <td>반소매 티셔츠</td>\n",
       "      <td>DOMINANT</td>\n",
       "      <td>공용</td>\n",
       "      <td>4.9</td>\n",
       "      <td>1361</td>\n",
       "      <td>그래픽티셔츠 로고티셔츠 반팔티 오버핏 그래픽 오버핏반팔 깡스타일리스트PICK 락시크</td>\n",
       "      <td>9396</td>\n",
       "      <td>8500</td>\n",
       "      <td>1400</td>\n",
       "      <td>24</td>\n",
       "      <td>남</td>\n",
       "      <td>34095</td>\n",
       "      <td>프린팅이 예뻐서 너무 마음에 들어요 조금 두꺼운데 좋습니다 목걸이나 그런거 같이 매...</td>\n",
       "    </tr>\n",
       "  </tbody>\n",
       "</table>\n",
       "<p>924 rows × 14 columns</p>\n",
       "</div>"
      ],
      "text/plain": [
       "                                               상품명     카테고리  \\\n",
       "0                          에센셜 텐셀 린넨 셔츠 - 9 COLOR   셔츠 블라우스   \n",
       "1              2PACK SMALL ARCH TEE WHITE / BLACK   반소매 티셔츠   \n",
       "2                                   pearl t-shirt   반소매 티셔츠   \n",
       "3     컷 헤비 피그먼트 티셔츠-차콜- cut-heavy PIGMENT tshirts   반소매 티셔츠   \n",
       "4                         케이블 라운드 하프 니트 - 6 COLOR   반소매 티셔츠   \n",
       "..                                             ...      ...   \n",
       "919                     쿨 썸머 에센셜 라운드 반팔 니트티 BLACK    니트 스웨터   \n",
       "920                   Do Cats Feel Love Tee White   반소매 티셔츠   \n",
       "921                                  컴프레션 긴팔 티셔츠         상의   \n",
       "922       디미트리 호놀룰루 반팔 셔츠 DIMITRI HONOLULU SHIRTS   셔츠 블라우스   \n",
       "923    유니섹스 고스트 프린팅 자수 오버핏 반팔티 고스트 프린팅 자수 오버핏 반팔티   반소매 티셔츠   \n",
       "\n",
       "                         브랜드  성별   평점    리뷰수  \\\n",
       "0                      SUARE   남  4.8   2196   \n",
       "1                       YALE  공용  4.8  14852   \n",
       "2                   ODDPEARL  공용  4.9   2169   \n",
       "3                  SOVERMENT   남  4.9   7912   \n",
       "4                      SUARE   남  4.9   2933   \n",
       "..                       ...  ..  ...    ...   \n",
       "919                  KNITTED  공용  4.8   1014   \n",
       "920                   FASTLE  공용  4.7    292   \n",
       "921  MUSINSA STANDARD SPORTS   남  4.8    718   \n",
       "922            DIMITRI BLACK   남  5.0     85   \n",
       "923                 DOMINANT  공용  4.9   1361   \n",
       "\n",
       "                                                    태그  좋아요 수     조회수    구매수  \\\n",
       "0         린넨 셔츠 린넨셔츠 긴팔셔츠 기본셔츠 베이직셔츠 오버핏셔츠 23S/S 셔츠컬렉션  22270  124000  18000   \n",
       "1       반팔티 여름반팔티 남자반팔티 반팔티셔츠 원마일웨어 패키지/셋업 레인 장마 액티브웨어  71139  181000  63000   \n",
       "2                    반팔 반팔티 반팔티셔츠 로고티셔츠 티셔츠 그래픽티셔츠 오버핏  21713  117000  16000   \n",
       "3                   피그먼트 반팔 반팔티 티셔츠 오버핏 무지 깡스타일리스트PICK  39349  125000  34000   \n",
       "4          반팔 반팔니트 반팔티 티셔츠 여름니트 니트 니트컬렉션 23SUMMER 서머니트  15622   83000  16000   \n",
       "..                                                 ...    ...     ...    ...   \n",
       "919                     반팔티 니트 반팔 여름니트 반팔니트 남자니트 니트컬렉션   3667    8300   1000   \n",
       "920                               반팔티 반팔 반팔티셔츠 티셔츠 아울렛  12764    7300   1000   \n",
       "921   기능성 애슬레저 무신사스탠다드퍼포먼스 무신사스탠다드스포츠 퍼포먼스 스포츠웨어 PL...   1775    2700   1800   \n",
       "922          하와이안 하와이안셔츠 남자반팔셔츠 오픈카라셔츠 여름셋업 남자셔츠 셔츠컬렉션   1074   11000    350   \n",
       "923     그래픽티셔츠 로고티셔츠 반팔티 오버핏 그래픽 오버핏반팔 깡스타일리스트PICK 락시크   9396    8500   1400   \n",
       "\n",
       "     인기 나이 인기 성별     가격                                                 리뷰  \n",
       "0       29     남  30198  소매가 넓은 편이라 팔을 접어도 고정이 쉽게 안되더라고요 제 전완근의 문제라 생각하...  \n",
       "1       24     남  26520  무난무난하게 입기 좋은 티고 아무 바지나 매칭해도 잘 어울려요 구겨짐이 좀 있지만 ...  \n",
       "2       29     남  30511  여름에 편하게 입기 좋은 무난템입니다. 사이즈는 정사이즈로 넉넉하게 잘 맞아요. 탄...  \n",
       "3       24     남  36600  재질이 탄탄한 편이라 핏 예쁘게 잡혀요 기장 매우 긴편이라 팔 접고 넣입이 이쁨 리...  \n",
       "4       24     남  25093  워셔블이긴 한데 조심스럽게 인스트럭션대로 세탁해도 약간 줄어듭니다 꽈배기 패턴이 마...  \n",
       "..     ...   ...    ...                                                ...  \n",
       "919     29     남  39200  처음 받았을때는 너무 하늘거려서 별로인가 싶었는데 몇번 입어보니 편한 일상복? 느낌...  \n",
       "920     21     여  25200  좋아요 평소에 편안하게 입기 좋은 것 같아요 손이 가는 스타일. S사이즈 주문해서 ...  \n",
       "921     24     남  25090  사이즈 딱 맞네요 가게에서 입으려고 삿습니다 시원하고 좋아요 타이트해서 좋네요 사이...  \n",
       "922     31     남  42900  착용감좋고 가볍고 야들야들해서 여름에 자주입겠어요. 포장지가 다 찢겨져왔습니다ㅠㅠ ...  \n",
       "923     24     남  34095  프린팅이 예뻐서 너무 마음에 들어요 조금 두꺼운데 좋습니다 목걸이나 그런거 같이 매...  \n",
       "\n",
       "[924 rows x 14 columns]"
      ]
     },
     "execution_count": 99,
     "metadata": {},
     "output_type": "execute_result"
    }
   ],
   "source": [
    "import pandas as pd\n",
    "df = pd.read_csv('C:/Users/tiger/Downloads/musinsa_recommendation_system/데이터_전처리_완료.csv'); df"
   ]
  },
  {
   "cell_type": "code",
   "execution_count": 100,
   "id": "33000699",
   "metadata": {},
   "outputs": [
    {
     "name": "stdout",
     "output_type": "stream",
     "text": [
      "태그 유사도\n",
      "[[1.         0.09803669 0.         0.         0.00561806 0.\n",
      "  0.         0.00581454 0.00430107 0.00479434 0.08914684]\n",
      " [0.09803669 1.         0.         0.         0.         0.\n",
      "  0.         0.         0.         0.         0.06198566]\n",
      " [0.         0.         1.         0.         0.01148113 0.03729537\n",
      "  0.         0.0279591  0.01602692 0.         0.        ]\n",
      " [0.         0.         0.         1.         0.         0.\n",
      "  0.         0.         0.         0.         0.        ]\n",
      " [0.00561806 0.         0.01148113 0.         1.         0.05289164\n",
      "  0.         0.03271109 0.0133901  0.01406755 0.0074398 ]\n",
      " [0.         0.         0.03729537 0.         0.05289164 1.\n",
      "  0.         0.02954289 0.04674648 0.         0.        ]\n",
      " [0.         0.         0.         0.         0.         0.\n",
      "  1.         0.         0.         0.         0.        ]\n",
      " [0.00581454 0.         0.0279591  0.         0.03271109 0.02954289\n",
      "  0.         1.         0.0117283  0.01455952 0.02117956]\n",
      " [0.00430107 0.         0.01602692 0.         0.0133901  0.04674648\n",
      "  0.         0.0117283  1.         0.0051643  0.00569576]\n",
      " [0.00479434 0.         0.         0.         0.01406755 0.\n",
      "  0.         0.01455952 0.0051643  1.         0.00634897]\n",
      " [0.08914684 0.06198566 0.         0.         0.0074398  0.\n",
      "  0.         0.02117956 0.00569576 0.00634897 1.        ]]\n",
      "\n",
      "\n",
      "카테고리 유사도\n",
      "[[1.         1.         1.         0.         1.         1.\n",
      "  1.         1.         1.         0.07966752 1.        ]\n",
      " [1.         1.         1.         0.         1.         1.\n",
      "  1.         1.         1.         0.07966752 1.        ]\n",
      " [1.         1.         1.         0.         1.         1.\n",
      "  1.         1.         1.         0.07966752 1.        ]\n",
      " [0.         0.         0.         1.         0.         0.\n",
      "  0.         0.         0.         0.         0.        ]\n",
      " [1.         1.         1.         0.         1.         1.\n",
      "  1.         1.         1.         0.07966752 1.        ]\n",
      " [1.         1.         1.         0.         1.         1.\n",
      "  1.         1.         1.         0.07966752 1.        ]\n",
      " [1.         1.         1.         0.         1.         1.\n",
      "  1.         1.         1.         0.07966752 1.        ]\n",
      " [1.         1.         1.         0.         1.         1.\n",
      "  1.         1.         1.         0.07966752 1.        ]\n",
      " [1.         1.         1.         0.         1.         1.\n",
      "  1.         1.         1.         0.07966752 1.        ]\n",
      " [0.07966752 0.07966752 0.07966752 0.         0.07966752 0.07966752\n",
      "  0.07966752 0.07966752 0.07966752 1.         0.07966752]\n",
      " [1.         1.         1.         0.         1.         1.\n",
      "  1.         1.         1.         0.07966752 1.        ]]\n",
      "\n",
      "\n",
      "리뷰 유사도\n",
      "[[1.00000000e+00 6.42833513e-03 4.15761604e-03 6.68629860e-03\n",
      "  8.94485201e-03 7.81319209e-03 8.88876138e-03 6.21715538e-03\n",
      "  5.00429741e-02 6.09371367e-03 1.11244619e-02]\n",
      " [6.42833513e-03 1.00000000e+00 2.12059600e-03 4.86468975e-03\n",
      "  8.12075546e-03 4.46814925e-03 8.69638044e-03 3.52511255e-03\n",
      "  6.92431903e-03 9.28789848e-04 3.36193791e-03]\n",
      " [4.15761604e-03 2.12059600e-03 1.00000000e+00 9.19032287e-03\n",
      "  1.02332654e-02 5.99573866e-03 4.61994290e-03 8.87693676e-03\n",
      "  6.76497168e-02 3.54447595e-03 1.11806825e-02]\n",
      " [6.68629860e-03 4.86468975e-03 9.19032287e-03 1.00000000e+00\n",
      "  9.13588085e-03 6.70549417e-03 5.09766357e-03 6.62615008e-03\n",
      "  1.36333792e-02 1.59885227e-02 9.10002191e-03]\n",
      " [8.94485201e-03 8.12075546e-03 1.02332654e-02 9.13588085e-03\n",
      "  1.00000000e+00 1.12274007e-02 8.98229126e-03 1.09410608e-02\n",
      "  8.37699855e-03 6.43427278e-03 3.51796783e-03]\n",
      " [7.81319209e-03 4.46814925e-03 5.99573866e-03 6.70549417e-03\n",
      "  1.12274007e-02 1.00000000e+00 8.21834186e-03 1.44085086e-02\n",
      "  8.52946631e-03 5.19687878e-03 5.40827642e-03]\n",
      " [8.88876138e-03 8.69638044e-03 4.61994290e-03 5.09766357e-03\n",
      "  8.98229126e-03 8.21834186e-03 1.00000000e+00 1.08728709e-02\n",
      "  8.68910589e-03 4.52674639e-03 6.25960284e-03]\n",
      " [6.21715538e-03 3.52511255e-03 8.87693676e-03 6.62615008e-03\n",
      "  1.09410608e-02 1.44085086e-02 1.08728709e-02 1.00000000e+00\n",
      "  5.25361771e-03 3.91465131e-03 8.27978904e-03]\n",
      " [5.00429741e-02 6.92431903e-03 6.76497168e-02 1.36333792e-02\n",
      "  8.37699855e-03 8.52946631e-03 8.68910589e-03 5.25361771e-03\n",
      "  1.00000000e+00 1.03645835e-02 1.03338306e-02]\n",
      " [6.09371367e-03 9.28789848e-04 3.54447595e-03 1.59885227e-02\n",
      "  6.43427278e-03 5.19687878e-03 4.52674639e-03 3.91465131e-03\n",
      "  1.03645835e-02 1.00000000e+00 2.13201731e-03]\n",
      " [1.11244619e-02 3.36193791e-03 1.11806825e-02 9.10002191e-03\n",
      "  3.51796783e-03 5.40827642e-03 6.25960284e-03 8.27978904e-03\n",
      "  1.03338306e-02 2.13201731e-03 1.00000000e+00]]\n",
      "\n",
      "\n"
     ]
    }
   ],
   "source": [
    "from sklearn.feature_extraction.text import TfidfVectorizer\n",
    "from sklearn.metrics.pairwise import cosine_similarity\n",
    "import numpy as np\n",
    "\n",
    "text_columns = ['태그', '카테고리', '리뷰']\n",
    "\n",
    "for col in text_columns:\n",
    "    print(col,\"유사도\")\n",
    "    tfidf = TfidfVectorizer(min_df=1, ngram_range=(1, 3))\n",
    "    matrix = tfidf.fit_transform(df[col])\n",
    "    cos_sim = cosine_similarity(matrix, matrix)\n",
    "    print(cos_sim[5:16, 5:16]) # 행렬의 특정 행/열만 출력\n",
    "    print(\"\\n\")"
   ]
  },
  {
   "cell_type": "code",
   "execution_count": 101,
   "id": "8041c116",
   "metadata": {},
   "outputs": [
    {
     "name": "stdout",
     "output_type": "stream",
     "text": [
      "[[1.         0.         0.         ... 0.         0.02201777 0.        ]\n",
      " [0.         1.         0.01297691 ... 0.         0.         0.0042833 ]\n",
      " [0.         0.01297691 1.         ... 0.         0.         0.05185592]\n",
      " ...\n",
      " [0.         0.         0.         ... 1.         0.         0.        ]\n",
      " [0.02201777 0.         0.         ... 0.         1.         0.        ]\n",
      " [0.         0.0042833  0.05185592 ... 0.         0.         1.        ]]\n",
      "[[1. 0. 0. ... 0. 1. 0.]\n",
      " [0. 1. 1. ... 0. 0. 1.]\n",
      " [0. 1. 1. ... 0. 0. 1.]\n",
      " ...\n",
      " [0. 0. 0. ... 1. 0. 0.]\n",
      " [1. 0. 0. ... 0. 1. 0.]\n",
      " [0. 1. 1. ... 0. 0. 1.]]\n",
      "[[1.         0.00601768 0.00863414 ... 0.00529198 0.0039763  0.00638243]\n",
      " [0.00601768 1.         0.0143744  ... 0.0083879  0.00579577 0.00484644]\n",
      " [0.00863414 0.0143744  1.         ... 0.01128465 0.00794463 0.00840551]\n",
      " ...\n",
      " [0.00529198 0.0083879  0.01128465 ... 1.         0.00434917 0.00443031]\n",
      " [0.0039763  0.00579577 0.00794463 ... 0.00434917 1.         0.00938688]\n",
      " [0.00638243 0.00484644 0.00840551 ... 0.00443031 0.00938688 1.        ]]\n",
      "[[1. 0. 0. ... 0. 0. 0.]\n",
      " [0. 1. 0. ... 0. 0. 0.]\n",
      " [0. 0. 1. ... 0. 0. 0.]\n",
      " ...\n",
      " [0. 0. 0. ... 1. 0. 0.]\n",
      " [0. 0. 0. ... 0. 1. 0.]\n",
      " [0. 0. 0. ... 0. 0. 1.]]\n"
     ]
    }
   ],
   "source": [
    "def tfidf_cos_sim(col):\n",
    "    tfidf = TfidfVectorizer(min_df=1, ngram_range=(1, 3))\n",
    "    matrix = tfidf.fit_transform(df[col])\n",
    "    cos_sim = cosine_similarity(matrix, matrix)\n",
    "    print(cos_sim)\n",
    "    return cos_sim\n",
    "\n",
    "tag = tfidf_cos_sim('태그')\n",
    "category = tfidf_cos_sim('카테고리')\n",
    "review = tfidf_cos_sim('리뷰')\n",
    "brand = tfidf_cos_sim('브랜드')"
   ]
  },
  {
   "cell_type": "code",
   "execution_count": 102,
   "id": "9edc0a6e",
   "metadata": {},
   "outputs": [
    {
     "data": {
      "text/html": [
       "<div>\n",
       "<style scoped>\n",
       "    .dataframe tbody tr th:only-of-type {\n",
       "        vertical-align: middle;\n",
       "    }\n",
       "\n",
       "    .dataframe tbody tr th {\n",
       "        vertical-align: top;\n",
       "    }\n",
       "\n",
       "    .dataframe thead th {\n",
       "        text-align: right;\n",
       "    }\n",
       "</style>\n",
       "<table border=\"1\" class=\"dataframe\">\n",
       "  <thead>\n",
       "    <tr style=\"text-align: right;\">\n",
       "      <th></th>\n",
       "      <th>상품명</th>\n",
       "      <th>카테고리</th>\n",
       "      <th>브랜드</th>\n",
       "      <th>성별</th>\n",
       "      <th>평점</th>\n",
       "      <th>리뷰수</th>\n",
       "      <th>태그</th>\n",
       "      <th>좋아요 수</th>\n",
       "      <th>조회수</th>\n",
       "      <th>구매수</th>\n",
       "      <th>인기 나이</th>\n",
       "      <th>인기 성별</th>\n",
       "      <th>가격</th>\n",
       "      <th>리뷰</th>\n",
       "    </tr>\n",
       "  </thead>\n",
       "  <tbody>\n",
       "    <tr>\n",
       "      <th>921</th>\n",
       "      <td>컴프레션 긴팔 티셔츠</td>\n",
       "      <td>상의</td>\n",
       "      <td>MUSINSA STANDARD SPORTS</td>\n",
       "      <td>남</td>\n",
       "      <td>4.8</td>\n",
       "      <td>718</td>\n",
       "      <td>기능성 애슬레저 무신사스탠다드퍼포먼스 무신사스탠다드스포츠 퍼포먼스 스포츠웨어 PL...</td>\n",
       "      <td>1775</td>\n",
       "      <td>2700</td>\n",
       "      <td>1800</td>\n",
       "      <td>24</td>\n",
       "      <td>남</td>\n",
       "      <td>25090</td>\n",
       "      <td>사이즈 딱 맞네요 가게에서 입으려고 삿습니다 시원하고 좋아요 타이트해서 좋네요 사이...</td>\n",
       "    </tr>\n",
       "    <tr>\n",
       "      <th>681</th>\n",
       "      <td>컴프레션 반팔 티셔츠</td>\n",
       "      <td>상의</td>\n",
       "      <td>MUSINSA STANDARD SPORTS</td>\n",
       "      <td>남</td>\n",
       "      <td>4.8</td>\n",
       "      <td>1245</td>\n",
       "      <td>기능성 애슬레저 무신사스탠다드퍼포먼스 무신사스탠다드스포츠 퍼포먼스 스포츠 스포츠웨...</td>\n",
       "      <td>4019</td>\n",
       "      <td>7500</td>\n",
       "      <td>3100</td>\n",
       "      <td>24</td>\n",
       "      <td>남</td>\n",
       "      <td>21490</td>\n",
       "      <td>몸좋아보이고 너무 좋습니다. 배송도빠르고 다음에 또 구매예정 179/74 일반체형 ...</td>\n",
       "    </tr>\n",
       "    <tr>\n",
       "      <th>217</th>\n",
       "      <td>올라운드 트레이닝 반팔 티셔츠</td>\n",
       "      <td>상의</td>\n",
       "      <td>MUSINSA STANDARD SPORTS</td>\n",
       "      <td>남</td>\n",
       "      <td>4.9</td>\n",
       "      <td>5082</td>\n",
       "      <td>기능성 트레이닝 운동복 기능성티 반팔티 스포츠웨어 PLUS배송 플러스배송 빠른배송...</td>\n",
       "      <td>6361</td>\n",
       "      <td>13000</td>\n",
       "      <td>6900</td>\n",
       "      <td>29</td>\n",
       "      <td>남</td>\n",
       "      <td>21490</td>\n",
       "      <td>딱 기본 티셔츠입니다. 휘뚜루 마뚜루 입기 너무좋아요 어깨부분이 살짝 작아서 한치수...</td>\n",
       "    </tr>\n",
       "    <tr>\n",
       "      <th>275</th>\n",
       "      <td>올라운드 트레이닝 슬리브리스 탑</td>\n",
       "      <td>상의</td>\n",
       "      <td>MUSINSA STANDARD SPORTS</td>\n",
       "      <td>남</td>\n",
       "      <td>4.9</td>\n",
       "      <td>3004</td>\n",
       "      <td>기능성 트레이닝 운동복 나시 기능성티 무신사스탠다드퍼포먼스 무신사스탠다드스포츠 P...</td>\n",
       "      <td>3761</td>\n",
       "      <td>10000</td>\n",
       "      <td>3400</td>\n",
       "      <td>29</td>\n",
       "      <td>남</td>\n",
       "      <td>19690</td>\n",
       "      <td>스포츠용이어서 그런지 사이즈 조금 작습니다. 집에서 편하게 입거나 여름에 이너로 입...</td>\n",
       "    </tr>\n",
       "    <tr>\n",
       "      <th>608</th>\n",
       "      <td>애슬레틱 오버핏 숏 슬리브 3 color Athletic Overfit Short...</td>\n",
       "      <td>상의</td>\n",
       "      <td>HDEX</td>\n",
       "      <td>남</td>\n",
       "      <td>4.9</td>\n",
       "      <td>235</td>\n",
       "      <td>반팔티 반팔 스포츠웨어 반팔티셔츠 오버핏 23SS컬렉션</td>\n",
       "      <td>627</td>\n",
       "      <td>10000</td>\n",
       "      <td>1100</td>\n",
       "      <td>29</td>\n",
       "      <td>남</td>\n",
       "      <td>46000</td>\n",
       "      <td>평상시랑 운동할때 입을려고 구매했는데 재질 디자인 모두 만족합니다 ! 옷도 탄탄하고...</td>\n",
       "    </tr>\n",
       "    <tr>\n",
       "      <th>95</th>\n",
       "      <td>메인 스몰 로고 에어 머슬핏 숏 슬리브</td>\n",
       "      <td>상의</td>\n",
       "      <td>HDEX</td>\n",
       "      <td>남</td>\n",
       "      <td>4.9</td>\n",
       "      <td>659</td>\n",
       "      <td>스포츠웨어 반팔티 반팔 반팔티셔츠 피트니스웨어 머슬핏 2PACK 패키지 짐웨어</td>\n",
       "      <td>2277</td>\n",
       "      <td>18000</td>\n",
       "      <td>3100</td>\n",
       "      <td>24</td>\n",
       "      <td>남</td>\n",
       "      <td>56243</td>\n",
       "      <td>벼르고 있었는데 마침 세일해서 구매했습니다 목부분이 조금 약하고 넓은것 같은데 재질...</td>\n",
       "    </tr>\n",
       "    <tr>\n",
       "      <th>774</th>\n",
       "      <td>8/8 배송  BLOCK 메쉬 오버핏 반팔 티셔츠</td>\n",
       "      <td>상의</td>\n",
       "      <td>MUSCLE ARMED</td>\n",
       "      <td>남</td>\n",
       "      <td>4.9</td>\n",
       "      <td>98</td>\n",
       "      <td>짐웨어 메쉬티셔츠 메쉬티 스포츠웨어 운동복상의 운동복 운동티셔츠</td>\n",
       "      <td>671</td>\n",
       "      <td>12000</td>\n",
       "      <td>500</td>\n",
       "      <td>29</td>\n",
       "      <td>남</td>\n",
       "      <td>34836</td>\n",
       "      <td>박시하고 너무 이쁩니다 매쉬소재라 엄청시원하고 좋아요 옷 너무 편하고 이뻐요!! 평...</td>\n",
       "    </tr>\n",
       "    <tr>\n",
       "      <th>392</th>\n",
       "      <td>스탠다드 머슬핏 반팔티</td>\n",
       "      <td>상의</td>\n",
       "      <td>HDEX</td>\n",
       "      <td>남</td>\n",
       "      <td>4.8</td>\n",
       "      <td>812</td>\n",
       "      <td>머슬핏 반팔 라운드티 반팔티 스포츠웨어 짐웨어 2PACK 패키지 무지</td>\n",
       "      <td>4128</td>\n",
       "      <td>19000</td>\n",
       "      <td>4300</td>\n",
       "      <td>24</td>\n",
       "      <td>남</td>\n",
       "      <td>56243</td>\n",
       "      <td>일부러 맞게입으려고 작게 사긴했는데, 어깨라인이 꽤 높았는지 정면에서 봤을 때 팔소...</td>\n",
       "    </tr>\n",
       "    <tr>\n",
       "      <th>222</th>\n",
       "      <td>메인로고 머슬핏 반팔티</td>\n",
       "      <td>상의</td>\n",
       "      <td>HDEX</td>\n",
       "      <td>남</td>\n",
       "      <td>4.9</td>\n",
       "      <td>1531</td>\n",
       "      <td>반팔티셔츠 운동복 반팔티 머슬핏반팔티 기능성티셔츠 머슬핏 스포츠웨어 2PACK 메...</td>\n",
       "      <td>4376</td>\n",
       "      <td>46000</td>\n",
       "      <td>6200</td>\n",
       "      <td>24</td>\n",
       "      <td>남</td>\n",
       "      <td>65617</td>\n",
       "      <td>운동할때 입기 좋아요 핏도 맞고 통풍도 잘됩니다 무난해서 어디에 입든 다 잘 어울리...</td>\n",
       "    </tr>\n",
       "    <tr>\n",
       "      <th>387</th>\n",
       "      <td>에어쿨링 드라이 기능성 반팔티+반바지 세트</td>\n",
       "      <td>상의</td>\n",
       "      <td>GLIMMER</td>\n",
       "      <td>남</td>\n",
       "      <td>4.8</td>\n",
       "      <td>191</td>\n",
       "      <td>기능성반팔 반팔 반팔티셔츠 세트 운동복 홈트 패키지</td>\n",
       "      <td>1854</td>\n",
       "      <td>12000</td>\n",
       "      <td>2100</td>\n",
       "      <td>24</td>\n",
       "      <td>남</td>\n",
       "      <td>17700</td>\n",
       "      <td>조금 까끌까끌한 감이있는것 같다고 하는데 싼 거 생각하면 가성비 좋다고하네요 시원하...</td>\n",
       "    </tr>\n",
       "  </tbody>\n",
       "</table>\n",
       "</div>"
      ],
      "text/plain": [
       "                                                   상품명 카테고리  \\\n",
       "921                                      컴프레션 긴팔 티셔츠     상의   \n",
       "681                                      컴프레션 반팔 티셔츠     상의   \n",
       "217                                 올라운드 트레이닝 반팔 티셔츠     상의   \n",
       "275                                올라운드 트레이닝 슬리브리스 탑     상의   \n",
       "608   애슬레틱 오버핏 숏 슬리브 3 color Athletic Overfit Short...   상의   \n",
       "95                              메인 스몰 로고 에어 머슬핏 숏 슬리브    상의   \n",
       "774                       8/8 배송  BLOCK 메쉬 오버핏 반팔 티셔츠    상의   \n",
       "392                                      스탠다드 머슬핏 반팔티    상의   \n",
       "222                                      메인로고 머슬핏 반팔티    상의   \n",
       "387                           에어쿨링 드라이 기능성 반팔티+반바지 세트    상의   \n",
       "\n",
       "                         브랜드 성별   평점   리뷰수  \\\n",
       "921  MUSINSA STANDARD SPORTS  남  4.8   718   \n",
       "681  MUSINSA STANDARD SPORTS  남  4.8  1245   \n",
       "217  MUSINSA STANDARD SPORTS  남  4.9  5082   \n",
       "275  MUSINSA STANDARD SPORTS  남  4.9  3004   \n",
       "608                     HDEX  남  4.9   235   \n",
       "95                      HDEX  남  4.9   659   \n",
       "774             MUSCLE ARMED  남  4.9    98   \n",
       "392                     HDEX  남  4.8   812   \n",
       "222                     HDEX  남  4.9  1531   \n",
       "387                  GLIMMER  남  4.8   191   \n",
       "\n",
       "                                                    태그  좋아요 수    조회수   구매수  \\\n",
       "921   기능성 애슬레저 무신사스탠다드퍼포먼스 무신사스탠다드스포츠 퍼포먼스 스포츠웨어 PL...   1775   2700  1800   \n",
       "681   기능성 애슬레저 무신사스탠다드퍼포먼스 무신사스탠다드스포츠 퍼포먼스 스포츠 스포츠웨...   4019   7500  3100   \n",
       "217   기능성 트레이닝 운동복 기능성티 반팔티 스포츠웨어 PLUS배송 플러스배송 빠른배송...   6361  13000  6900   \n",
       "275   기능성 트레이닝 운동복 나시 기능성티 무신사스탠다드퍼포먼스 무신사스탠다드스포츠 P...   3761  10000  3400   \n",
       "608                     반팔티 반팔 스포츠웨어 반팔티셔츠 오버핏 23SS컬렉션    627  10000  1100   \n",
       "95         스포츠웨어 반팔티 반팔 반팔티셔츠 피트니스웨어 머슬핏 2PACK 패키지 짐웨어   2277  18000  3100   \n",
       "774                짐웨어 메쉬티셔츠 메쉬티 스포츠웨어 운동복상의 운동복 운동티셔츠    671  12000   500   \n",
       "392             머슬핏 반팔 라운드티 반팔티 스포츠웨어 짐웨어 2PACK 패키지 무지   4128  19000  4300   \n",
       "222   반팔티셔츠 운동복 반팔티 머슬핏반팔티 기능성티셔츠 머슬핏 스포츠웨어 2PACK 메...   4376  46000  6200   \n",
       "387                       기능성반팔 반팔 반팔티셔츠 세트 운동복 홈트 패키지   1854  12000  2100   \n",
       "\n",
       "     인기 나이 인기 성별     가격                                                 리뷰  \n",
       "921     24     남  25090  사이즈 딱 맞네요 가게에서 입으려고 삿습니다 시원하고 좋아요 타이트해서 좋네요 사이...  \n",
       "681     24     남  21490  몸좋아보이고 너무 좋습니다. 배송도빠르고 다음에 또 구매예정 179/74 일반체형 ...  \n",
       "217     29     남  21490  딱 기본 티셔츠입니다. 휘뚜루 마뚜루 입기 너무좋아요 어깨부분이 살짝 작아서 한치수...  \n",
       "275     29     남  19690  스포츠용이어서 그런지 사이즈 조금 작습니다. 집에서 편하게 입거나 여름에 이너로 입...  \n",
       "608     29     남  46000  평상시랑 운동할때 입을려고 구매했는데 재질 디자인 모두 만족합니다 ! 옷도 탄탄하고...  \n",
       "95      24     남  56243  벼르고 있었는데 마침 세일해서 구매했습니다 목부분이 조금 약하고 넓은것 같은데 재질...  \n",
       "774     29     남  34836  박시하고 너무 이쁩니다 매쉬소재라 엄청시원하고 좋아요 옷 너무 편하고 이뻐요!! 평...  \n",
       "392     24     남  56243  일부러 맞게입으려고 작게 사긴했는데, 어깨라인이 꽤 높았는지 정면에서 봤을 때 팔소...  \n",
       "222     24     남  65617  운동할때 입기 좋아요 핏도 맞고 통풍도 잘됩니다 무난해서 어디에 입든 다 잘 어울리...  \n",
       "387     24     남  17700  조금 까끌까끌한 감이있는것 같다고 하는데 싼 거 생각하면 가성비 좋다고하네요 시원하...  "
      ]
     },
     "execution_count": 102,
     "metadata": {},
     "output_type": "execute_result"
    }
   ],
   "source": [
    "total_sim = ( review * 0.1 + category * 1 + tag * 1 )\n",
    "            #+ np.repeat(np.repeat([df['평점'].values], len(df['평점']) , axis=0) * 0.001\n",
    "            #+ np.repeat(np.repeat([df['조회수'].values], len(df['조회수']) , axis=0) * 0.001\n",
    "            #+ np.repeat(np.repeat([df['구매수'].values], len(df['구매수']) , axis=0) * 0.001 )\n",
    "\n",
    "total_sim_sorted_ind = total_sim.argsort()[:, ::-1] \n",
    "\n",
    "def find_sim_item(df, sorted_ind, item_name, top_n):\n",
    "    # 입력된 item_name을 포함하는 이름을 가진 아이템을 데이터 프레임에서 찾기\n",
    "    item_name_df = df[df['상품명'].str.contains(item_name, case=False, na=False)]\n",
    "    \n",
    "    # 아이템의 첫 번째 인덱스 값을 item_index에 저장\n",
    "    item_index = item_name_df.index.values[0] # 첫 번째 인덱스만 사용\n",
    "\n",
    "    # sorted_ind에서 해당 아이템과 가장 유사한 상품들의 인덱스 추출\n",
    "    similar_indexes = sorted_ind[item_index, :top_n]\n",
    "    return df.iloc[similar_indexes]\n",
    "\n",
    "find_sim_item(df, total_sim_sorted_ind, '컴프레션 긴팔 티셔츠', 10) "
   ]
  },
  {
   "cell_type": "code",
   "execution_count": null,
   "id": "402a83cb",
   "metadata": {},
   "outputs": [],
   "source": []
  }
 ],
 "metadata": {
  "kernelspec": {
   "display_name": "Python 3 (ipykernel)",
   "language": "python",
   "name": "python3"
  },
  "language_info": {
   "codemirror_mode": {
    "name": "ipython",
    "version": 3
   },
   "file_extension": ".py",
   "mimetype": "text/x-python",
   "name": "python",
   "nbconvert_exporter": "python",
   "pygments_lexer": "ipython3",
   "version": "3.10.9"
  }
 },
 "nbformat": 4,
 "nbformat_minor": 5
}
